40200000
fe010113
00812e23
02010413
00400793
fef42623
000017b7
0007a787
fef42427
fe842787
e0078553
01c12403
02010113
00008067
00000000
00000000
00000013
0b80006f
00000013
00000013
00000013
00000013
00000013
00000013
00000013
00000013
00000013
00000013
00000013
00000013
00000013
00000013
0b80006f
00000000
00000000
0a80006f
00000000
00000000
00000000
0980006f
00000000
00000000
00000000
0880006f
00000000
00000000
00000000
00000000
0740006f
00000000
00000000
00000000
00000000
00000000
00000000
00000000
00000000
00000000
00000000
00000000
00000000
00000000
00000000
00800293
3002a073
000012b7
80028293
3042a073
7ffff117
2f010113
00000517
f6850513
00150513
30551073
00000513
00000593
ed5ff0ef
0000006f
0000006f
